Track|Lat|Lon|UserID|Date|Desc
1|44 57.060|-093 23.150|RJ|20030328
1|44 58.168|-093 27.385|hardware|20030328
1|45 7.368|-093 26.198|eelsid|20030331
1|45 11.073|-093 24.390|Moe the Sleaze|20030401
1|45 10.049|-093 57.721|CB-GPSERS|20030403
1|45 08.554|-093 19.304|Moe the Sleaze|20030409
1|45 01.483|-093 28.225|KingBoringAce|20030410
1|44 59 30.01|-093 09 58.00|hardware|20030411|Estimated:  "Falcon Heights"
1|44 54.489|-092 59.793|tricolor|20030413
1|44 58.831|-093 23.757|Vermadon|20030419
1|44 58.824|-093 15 49.00|irvingdog|20030420|Longitude Estimated:  "City of Minneapolis"
1|45 13.605|-093 38.808|KO_DAT_VEY|20030421
1|45 26.159|-093 34.743|kleiner|20030422
1|45 18 48.96|-093 34 53.04|rengriz|20030428|Estimated:  "Elk River"; Cache was plundered
2|44.9484748|-093.3478797|RJ|20030518|Implied same area; New cache
2|45 10.016|-093 19.286|Wallypog|20030521
2|45 10 52.94|-093 51 48.54|KO_DAT_VEY|20030524|Estimated:  "Buffalo"
2|45 05.496|-093 43.758|Ko-tis-vey|20030601
2|44 48.196|-093 29.907|Vermadon|20030607
2|44 48.166|-093 47.203|tricolor|20030614
2|44 58.119|-092 45.327|bobcatw98|20030710
2|44 43.537|-092 50.780|Candy Apple Green|20030717
2|44 54.245|-093 02.581|Kitch|20030721
2|45 01.063|-092 47.408|bobcatw98|20030726
2|44 59.460|-092 55.614|tricolor|20030726
2|44 54.270|-092 58.592|towlebooth|20030727
2|45 00.184|-092 45.791|bobcat298|20030730
2|45 15.326|-092 48.515|MN Lost Boy|20030804
2|44 53.755|-092 46.856|Candy Apple Green|20030805
2|44 52.160|-092 36.649|Mudcat30|20030806
2|44 47.192|-092 57.489|tricolor|20030815
2|44 40.013|-092 44.443|Candy Apple Green|20030817|Cache dissapeared.
3|44 55.761|-093 19.801|RJ|20030914|Third cache was started.
3|44 59.724|-093 24.980|Vermadon|20030914
3|44 54.364|-093 26.474|brjzn|20030916
3|44 55.318|-093 32.211|Rouster|20030917
3|44 49.941|-093 27.004|brjzn|20030920
3|44 48.825|-093 33.073|rickrich|20030924
3|44 50.054|-093 22.801|jordanh|20030926
3|44 59.424|-093 28.438|LouRem|20030927
3|45 13.189|-093 27.020|Moe the Sleaze|20030928
3|44 55.391|-093 24.697|JT|20031001
3|45 01.105|-093 08.317|JoelCam|20031002
3|44 57.918|-092 56.910|beavercolony|20031006
3|45 02.115|-092 38.265|packfanattic|20031008
3|44 28.413|-093 09.036|Farmerted|20031010
3|44 33.049|-093 07.465|tomslusher|20031014
3|44 55.169|-093 07.545|Candy Apple Green|20031130
3|44 57.452|-093 18.512|Team Wicket|20031206
3|45 06.727|-093 01.720|pogopod|20031207
3|45 15.164|-093 13.243|TimbreWlf|20031209
3|45 12.695|-093 25.105|Centris|20031212
3|45 06.494|-093 16.937|Moe the Sleaze|20031218
3|45 03.650|-093 11.135|jonsom|20031220
3|45 02.569|-093 14.560|King Boreas|20031220
3|44 58.748|-093 08.861|Always Money|20031230
3|45 03.337|-093 08.251|JoelCam|20040101
3|45 04.123|-093 05.871|Nimbus'Ninjas|20040103
3|45 14.719|-093 21.797|Moe the Sleaze|20040104
3|44 54.821|-093 35.624|brjzn|20040111
3|44 56.654|-093 26.049|RJ|20040210
3|44 59.404|-093 32.622|spinowner|20040213
3|44 54.983|-093 29.738|rickrich|20040216
3|44 54.409|-093 33.545|hardware|20040325
3|45 14.699|-093 31.308|Moe the Sleaze|20040328
3|45 00.777|-093 21.352|Team O|20040417
3|44 54.102|-093 33.616|hardware|20040503
3|44 51.018|-093 18.382|FSU*Noles|20040507
3|44 14.584|-093 24.693|TwentySeven|20040623
3|44 20.692|-093 14.632|Farmerted|20040626
3|44 22.150|-093 27.067|zoejam72|20040628
3|44 25.753|-093 12.415|tomslusher|20040629
3|44 49.996|-093 02.518|TwentySeven|20040702
3|44 47.560|-092 58.640|Candy Apple Green|20040705
3|44 49.653|-093 03.440|next o' kin|20040707
3|44 46.628|-093 10.727|JJJeffr|20040711
3|44 45.193|-093 19.412|Minnesota|20040714
3|44 43.551|-092 50.781|Candy Apple Green|20040719
3|45 07.396|-093 01.286|pogopod|20040819
3|44 55.960|-093 06.389|Paklid|20040918
3|44 48.682|-093 36.027|Gustobob|20041005
3|44 54.037|-093 24.542|Vermadon|20041006
3|44 54.078|-093 24.608|rickrich|20041006
3|44 55.050|-093 34.888|jordanh|20041009
3|45 10.432|-093 15.037|Rouster|20041025
3|45 12.704|-092 50.709|Tillek|20041112
3|45 03.838|-093 25.004|teamvista|20041204
3|44 45.767|-093 20.682|Minnesota|20041205
3|44 55.261|-093 37.937|Jonas and Julia|20050101
3|45 12.113|-093 39.214|Minnesota|20050108
3|45 03.846|-094 04.263|team-deadhead|20050116
3|45 19.040|-094 12.876|Team Wicket|20050129
3|44 57.050|-094 01.597|team-deadhead|20050205
3|45 07.701|-094 02.191|Team-cooter|20050211
3|44 47.238|-092 58.420|OrangePeril|20050216
3|45 00.604|-093 00.484|KC0GRN|20050220
3|45 14.313|-094 14.883|Team-cooter|20050225
3|45 08.302|-093 50.153|team-deadhead|20050228
3|45 01.028|-093 61.496|team_bassmasters|20040321
3|45 19.369|-093 49.522|Team-cooter|20050329
3|44 46.311|-093 10.712|Rouster|20050407
3|44 46.340|-093 11.093|Good-Boy|20050417
3|44 44.698|-093 14.832|RubberToes|20050423
3|45 01.889|-093 23.311|Paklid|20050425
3|44 59.824|-093 23.680|herrwald|20050427
3|45 02.291|-093 31.650|notsmike|20050428
3|45 05.544|-093 28.963|brjzn|20050428
3|45 15.121|-093 07.156|Early Starts|20050430
3|45 10.702|-093 04.334|jambro|20050504
3|45 24.844|-092 38.928|miles58|20050513
3|44 33.787|-092 31.424|Wayfarin Stranger|20050604
3|45 06.726|-093 08.406|bman92|20050629
3|44 52.919|-093 42.213|jREST|20050708
3|45 38.383|-095 22.666|Team-cooter|20050712
3|44 49.631|-093 11.405|Minnesota|20050716
3|44 46.940|-093 08.718|Paklid|20050722
3|45 09.531|-093 03.651|miles58|20050827
3|45 08.166|-093 09.202|jambro|20051012
3|44 55.920|-093 41.603|jREST|20051013
3|44 58.478|-093 30.845|MeyerFam|20051022
3|44 53.737|-093 36.738|rickrich|20051022
3|44 57.138|-092 58.726|s4xton|20051023
3|44 56.782|-092 56.522|nrtiger|20051026
3|45 02.085|-093 32.143|CLAMM|20051105
3|44 57.690|-093 50.908|team-deadhead|20051120
3|44 59.842|-094 00.140|Team-cooter|20051211
3|45 03.091|-093 18.852|fidian|20060101
3|44 52.862|-093 25.531|ValleyLoons|20060107
3|44 49.026|-092 53.938|fidian|20060108|Relocated to edge of park after a while
3|44 52.279|-093 21.876|Geo_Mordac|20060214
3|44 50.378|-093 27.042|BigSwifty|20060215
3|44 51.024|-093 33.073|gkuchera|20060215
3|45 00.582|-093 19.490|Team Dogs|20060219
3|44 53.123|-093 21.305|pfalstad|20060220
3|44 57.560|-093 22.552|P B & J|20060225
3|45 04.182|-093 57.915|team-deadhead|20060305
3|45 07.180|-093 23.412|Team i380|20060314
3|44 51.319|-093 32.675|TheGilby3|20060315
3|45 00.056|-093 07.655|LucidOndine|20060318
3|45 21.960|-093 20.379|Sokratz|20060408
3|45 23.443|-093 20.913|Iron Man Dan|20060409
3|45 18.461|-093 34.258|rengriz|20060506
3|44 22.147|-093 13.632|fidian|20060610
3|44 53.313|-093 10.012|Celticwulf|20060625
3|45 05.457|-093 26.146|CamoCacher|20060628
3|45 05.457|-093 26.146|Centris|20060628|"Rehid" to the next table over.
3|44 53.959|-093 25.510|GeoPierce|20060629
3|44 56.458|-093 27.180|rickrich|20060630
3|44 48.915|-093 23.778|GPSr|20060702
3|44 51.693|-093 24.384|Vermadon|20060705
3|44 48.691|-093 25.990|pfalstad|20060710
3|44 53.361|-093 15.834|Pippin and Merry|20060802
3|44 49.967|-093 22.691|GeoPierce|20060803
3|44 51.696|-093 20.310|saso_362|20060806
3|45 20.354|-092 59.971|CCcacher|20060810
3|45 15.555|-093 01.764|bman92|20060810
3|45 01.535|-093 10.983|miles58|20060914
3|45 00.916|-093 09.087|Posen|20060917
3|44 46.205|-092 55.718|Candy Apple Green|20060930
3|45 05.754|-093 33.095|spinowner|20061202
3|45 03.033|-093 53.491|Team-cooter|20061206